time x1 y1 x2 y2
0.000000000000000000e+00 4.000000000000000222e-01 -2.449293598294706538e-17 8.000000000000000444e-01 -4.898587196589413075e-17
1.000000000000000021e-02 3.999996992624136327e-01 4.904997234153603107e-04 7.999996992624136549e-01 4.904997234153358077e-04
2.000000000000000042e-02 3.999951882583089868e-01 1.961981192562005632e-03 7.999951882583089535e-01 1.961987092878305413e-03
2.999999999999999889e-02 3.999756418670074032e-01 4.414285114881618538e-03 7.999756418670012081e-01 4.414355909712569179e-03
4.000000000000000083e-02 3.999230274079624836e-01 7.846792265003359537e-03 7.999230274077614444e-01 7.847193297640388601e-03
5.000000000000000278e-02 3.998121359165568989e-01 1.225789434775217436e-02 7.998121359136222130e-01 1.225942659447116188e-02
5.999999999999999778e-02 3.996106606930939775e-01 1.764425856841064094e-02 7.996106606669532990e-01 1.764883159088969852e-02
7.000000000000000666e-02 3.992793570317199059e-01 2.399989684011890473e-02 7.992793568661034076e-01 2.401140740918309910e-02
8.000000000000000167e-02 3.987723246856650361e-01 3.131506130906620833e-02 7.987723238685592309e-01 3.134062856704973588e-02
8.999999999999999667e-02 3.980374594153834322e-01 3.957500350154127128e-02 7.980374560886007718e-01 3.962659251311045211e-02
1.000000000000000056e-01 3.970171200431339975e-01 4.875865454107344149e-02 7.970171084181065790e-01 4.885509116162357890e-02
1.100000000000000006e-01 3.956490507075294816e-01 5.883730682339896600e-02 7.956490148623405201e-01 5.900664716093503848e-02
1.199999999999999956e-01 3.938675826713151640e-01 6.977339980719531043e-02 7.938674831473139237e-01 7.005556853527747374e-02
1.300000000000000044e-01 3.916051153801033413e-01 8.151952899849188028e-02 7.916048627521985459e-01 8.196908684791857913e-02
1.400000000000000133e-01 3.887938438064739155e-01 9.401780160260710117e-02 7.887932506635583207e-01 9.470665135448867733e-02
1.499999999999999944e-01 3.853676624108983706e-01 1.071996491037162935e-01 7.853663624120541531e-01 1.082194517244954440e-01
1.600000000000000033e-01 3.812641418274443361e-01 1.209861734107762210e-01 7.812614624827021181e-01 1.224502323627804229e-01
1.700000000000000122e-01 3.764264504785828636e-01 1.352890512203223650e-01 7.764212260309616420e-01 1.373334413010382504e-01
1.799999999999999933e-01 3.708050866506698018e-01 1.500119585699395963e-01 7.707953998208292301e-01 1.527957276045144031e-01
1.900000000000000022e-01 3.643593005671757479e-01 1.650524161901258113e-01 7.643421474269909144e-01 1.687567674042537713e-01
2.000000000000000111e-01 3.570581189984993742e-01 1.803039091568828800e-01 7.570289995813113126e-01 1.851303660157057329e-01
2.099999999999999922e-01 3.488809302823851488e-01 1.956581112177502857e-01 7.488333776166107292e-01 2.018257583674737676e-01
2.200000000000000011e-01 3.398176357164245376e-01 2.110070483564456534e-01 7.397427061056743858e-01 2.187490167207285230e-01
2.300000000000000100e-01 3.298684147058013050e-01 2.262450639892094884e-01 7.297541704676402397e-01 2.358044749952799002e-01
2.399999999999999911e-01 3.190431792721264981e-01 2.412704908602247011e-01 7.188742003486372489e-01 2.528960912711655795e-01
2.500000000000000000e-01 3.073608062105527283e-01 2.559869817111781187e-01 7.071177683329862296e-01 2.699286901661442917e-01
2.600000000000000089e-01 2.948482338400221781e-01 2.703044931210348834e-01 6.945075882987430393e-01 2.868090498748098738e-01
2.700000000000000178e-01 2.815394988768251117e-01 2.841399489198697670e-01 6.810732830763412959e-01 3.034468203187885571e-01
2.800000000000000266e-01 2.674747721680521551e-01 2.974176293592035725e-01 6.668505720547026616e-01 3.197552761667363797e-01
2.899999999999999800e-01 2.526994339752742791e-01 3.100693407426409753e-01 6.518805102174892729e-01 3.356519201690200127e-01
2.999999999999999889e-01 2.372632130908300940e-01 3.220344200762014220e-01 6.362087935571405506e-01 3.510589584256505469e-01
3.099999999999999978e-01 2.212194008572555826e-01 3.332596235435023591e-01 6.198851332396010383e-01 3.659036708423310524e-01
3.200000000000000067e-01 2.046241416180773209e-01 3.436989389961293551e-01 6.029626925023878758e-01 3.801186984597437202e-01
3.300000000000000155e-01 1.875357950159361742e-01 3.533133532542193644e-01 5.854975756009757060e-01 3.936422658800866059e-01
3.400000000000000244e-01 1.700143622649816222e-01 3.620705961875827494e-01 5.675483563934613507e-01 4.064183527515615735e-01
3.500000000000000333e-01 1.521209673381239136e-01 3.699448760235954925e-01 5.491756345285958574e-01 4.183968239954120594e-01
3.599999999999999867e-01 1.339173842451299723e-01 3.769166143816722325e-01 5.304416089168455528e-01 4.295335246719474975e-01
3.699999999999999956e-01 1.154656026668774704e-01 3.829721851528838927e-01 5.114096606007936252e-01 4.397903423460181593e-01
3.800000000000000044e-01 9.682742572036640016e-02 3.881036583547840535e-01 4.921439398359028772e-01 4.491352376194635565e-01
3.900000000000000133e-01 7.806409525004293082e-02 3.923085482535299540e-01 4.727089548188872503e-01 4.575422421232407943e-01
4.000000000000000222e-01 5.923594157041892072e-02 3.955895641018174480e-01 4.531691618445692349e-01 4.649914226103456505e-01
4.100000000000000311e-01 4.040205590138257197e-02 3.979543615528564615e-01 4.335885586060060359e-01 4.714688097307973003e-01
4.199999999999999845e-01 2.161998478001475599e-02 3.994152929697509236e-01 4.140302838150609066e-01 4.769662904567315009e-01
4.299999999999999933e-01 2.945446483168093210e-03 3.999891552842587128e-01 3.945562272978276885e-01 4.814814638153874782e-01
4.400000000000000022e-01 -1.556793003497605743e-02 3.996969346322611916e-01 3.752266552326875004e-01 4.850174604480038676e-01
4.500000000000000111e-01 -3.386884296595656096e-02 3.985635476008153599e-01 3.560998552944229512e-01 4.875827274280025714e-01
4.600000000000000200e-01 -5.190853149353782947e-02 3.966175794870726579e-01 3.372318062085699619e-01 4.891907806475032094e-01
4.700000000000000289e-01 -6.964096507313943807e-02 3.938910204405297044e-01 3.186758756789689895e-01 4.898599278444472627e-01
4.799999999999999822e-01 -8.702300781004722319e-02 3.904190007052583122e-01 3.004825499055087112e-01 4.896129659428469227e-01
4.899999999999999911e-01 -1.040145579206328136e-01 3.862395263830145087e-01 2.826991970350964944e-01 4.884768567865426792e-01
5.000000000000000000e-01 -1.205786625976262294e-01 3.813932172000019105e-01 2.653698659590461029e-01 4.864823855521185347e-01
5.100000000000000089e-01 -1.366816089181288330e-01 3.759230476886881167e-01 2.485351209486893198e-01 4.836638061355955642e-01
5.200000000000000178e-01 -1.522929917009652190e-01 3.698740930083773137e-01 2.322319117622389517e-01 4.800584776398373332e-01
5.300000000000000266e-01 -1.673857594151870742e-01 3.632932803466107918e-01 2.164934781023908350e-01 4.757064957748824430e-01
5.400000000000000355e-01 -1.819362393488553886e-01 3.562291464936523377e-01 2.013492866863383912e-01 4.706503225578966276e-01
5.500000000000000444e-01 -1.959241432589735044e-01 3.487316017917465039e-01 1.868249987264151701e-01 4.649344172027717326e-01
5.600000000000000533e-01 -2.093325546391186232e-01 3.408517002572533094e-01 1.729424653179904292e-01 4.586048705618861465e-01
5.700000000000000622e-01 -2.221478985669720352e-01 3.326414152842041005e-01 1.597197480892250665e-01 4.517090449627099713e-01
5.799999999999999600e-01 -2.343598948416507621e-01 3.241534199878360334e-01 1.471711624741271485e-01 4.442952208046400675e-01
5.899999999999999689e-01 -2.459614948079223429e-01 3.154408709597606997e-01 1.353073411084977917e-01 4.364122508764084474e-01
5.999999999999999778e-01 -2.569488019132679657e-01 3.065571940035597964e-01 1.241353150948915074e-01 4.281092230450836422e-01
6.099999999999999867e-01 -2.673209756807445880e-01 2.975558703186592657e-01 1.136586112106683366e-01 4.194351317705091731e-01
6.199999999999999956e-01 -2.770801184355183855e-01 2.884902216154979770e-01 1.038773635127520079e-01 4.104385588228303128e-01
6.300000000000000044e-01 -2.862311438281737175e-01 2.794131927859086484e-01 9.478843819217019906e-02 4.011673636263459741e-01
6.400000000000000133e-01 -2.947816259870758571e-01 2.703771310233462066e-01 8.638557091835302737e-02 3.916683838128942052e-01
6.500000000000000222e-01 -3.027416280383976588e-01 2.614335606854263361e-01 7.865951625524419955e-02 3.819871468266133330e-01
6.600000000000000311e-01 -3.101235087864853135e-01 2.526329537054871621e-01 7.159820899769581137e-02 3.721675937555329883e-01
6.700000000000000400e-01 -3.169417065742415884e-01 2.440244959708089412e-01 6.518693743945630503e-02 3.622518169429623236e-01
6.800000000000000488e-01 -3.232124997598657679e-01 2.356558507633086386e-01 5.940852862007839352e-02 3.522798133159246725e-01
6.900000000000000577e-01 -3.289537438575673711e-01 2.275729210650730416e-01 5.424354549072518683e-02 3.422892557176453465e-01
7.000000000000000666e-01 -3.341845861860018863e-01 2.198196132188634244e-01 4.967049568043202523e-02 3.323152848036553531e-01
7.099999999999999645e-01 -3.389251598224222173e-01 2.124376050499194868e-01 4.566605113801552873e-02 3.223903242158594473e-01
7.199999999999999734e-01 -3.431962597284486938e-01 2.054661220454681025e-01 4.220527738590895694e-02 3.125439217515248447e-01
7.299999999999999822e-01 -3.470190050337493282e-01 1.989417255011796115e-01 3.926187047907048200e-02 3.028026190706527010e-01
7.399999999999999911e-01 -3.504144925622786899e-01 1.928981166375679235e-01 3.680839905532679035e-02 2.931898521260924428e-01
7.500000000000000000e-01 -3.534034476797398017e-01 1.873659605373223236e-01 3.481654814375778617e-02 2.837258839640431907e-01
7.600000000000000089e-01 -3.560058793480047057e-01 1.823727333502843939e-01 3.325736072221430195e-02 2.744277708552197437e-01
7.700000000000000178e-01 -3.582407468180153765e-01 1.779425955730404019e-01 3.210147244263644728e-02 2.653093619242635759e-01
7.800000000000000266e-01 -3.601256456195593425e-01 1.740962933755213493e-01 3.131933452851082267e-02 2.563813316077357407e-01
7.900000000000000355e-01 -3.616765203804776507e-01 1.708510889794676302e-01 3.088141963822677027e-02 2.476512434602450852e-01
8.000000000000000444e-01 -3.629074115237677089e-01 1.682207200707413475e-01 3.075840551309305670e-02 2.391236431183906552e-01
8.100000000000000533e-01 -3.638302420723850683e-01 1.662153872346050498e-01 3.092133150448556078e-02 2.308001776932301907e-01
8.200000000000000622e-01 -3.644546496884621400e-01 1.648417675240725355e-01 3.134172359883974357e-02 2.226797385519259931e-01
8.300000000000000711e-01 -3.647878677565162264e-01 1.641030515793488465e-01 3.199168431419852077e-02 2.147586244076466477e-01
8.399999999999999689e-01 -3.648346578710536803e-01 1.639990012655907492e-01 3.284394479814101153e-02 2.070307218804672555e-01
8.499999999999999778e-01 -3.645972945918791730e-01 1.645260246170267560e-01 3.387187757780502073e-02 1.994877012130738259e-01
8.599999999999999867e-01 -3.640756018624936585e-01 1.656772649715796686e-01 3.504946966091426752e-02 1.921192255916724101e-01
8.699999999999999956e-01 -3.632670391110306984e-01 1.674427015295229249e-01 3.635125702888414301e-02 1.849131734816876205e-01
8.800000000000000044e-01 -3.621668338134003129e-01 1.698092591279312114e-01 3.775222297377373026e-02 1.778558744696176475e-01
8.900000000000000133e-01 -3.607681562187456392e-01 1.727609257283797828e-01 3.922766419466622301e-02 1.709323602246101137e-01
9.000000000000000222e-01 -3.590623310236664700e-01 1.762788768963853836e-01 4.075303008036040842e-02 1.641266332658204152e-01
9.100000000000000311e-01 -3.570390800252051799e-01 1.803416073310736278e-01 4.230374216592186487e-02 1.574219571499321790e-01
9.200000000000000400e-01 -3.546867891658123662e-01 1.849250702074939912e-01 4.385500236564021659e-02 1.508011723806013948e-01
9.300000000000000488e-01 -3.519927928863265665e-01 1.900028256528929482e-01 4.538160025626947203e-02 1.442470426899324365e-01
9.400000000000000577e-01 -3.489436683088507629e-01 1.955462000325313143e-01 4.685773140350762977e-02 1.377426362519311720e-01
9.500000000000000666e-01 -3.455255314725839688e-01 2.015244578223407967e-01 4.825684046349321132e-02 1.312717457579871128e-01
9.599999999999999645e-01 -3.417243276474961067e-01 2.079049876599086688e-01 4.955150449228057363e-02 1.248193500122060512e-01
9.699999999999999734e-01 -3.375261076743271693e-01 2.146535036709592836e-01 5.071337346228332876e-02 1.183721176881250697e-01
9.799999999999999822e-01 -3.329172823629841793e-01 2.217342623593500373e-01 5.171318626663740092e-02 1.119189510327516235e-01
9.899999999999999911e-01 -3.278848472800554026e-01 2.291102942343158366e-01 5.252088127947673879e-02 1.054515635312571198e-01
1.000000000000000000e+00 -3.224165708398134544e-01 2.367436479568049423e-01 5.310582055121854106e-02 9.896508081386870548e-02
1.010000000000000009e+00 -3.165011395625280666e-01 2.445956431656565178e-01 5.343714559947815301e-02 9.245864841620646257e-02
1.020000000000000018e+00 -3.101282557642305870e-01 2.526271263673717238e-01 5.348428008988947990e-02 8.593602351621090762e-02
1.030000000000000027e+00 -3.032886848725871998e-01 2.607987224436816853e-01 5.321759002925890991e-02 7.940612073234024071e-02
1.040000000000000036e+00 -2.959742520836006197e-01 2.690710725878076581e-01 5.260920496955401315e-02 7.288347494496091872e-02
1.050000000000000044e+00 -2.881777912037189471e-01 2.774050480019168430e-01 5.163399379306959913e-02 6.638857760849856127e-02
1.060000000000000053e+00 -2.798930522188746717e-01 2.857619276943698661e-01 5.027067577937521792e-02 5.994803814304552891e-02
1.070000000000000062e+00 -2.711145782636345536e-01 2.941035284605262312e-01 4.850303207398404259e-02 5.359451997629038900e-02
1.080000000000000071e+00 -2.618375669826475405e-01 3.023922758878070383e-01 4.632116515285927827e-02 4.736640306577949433e-02
1.090000000000000080e+00 -2.520577354042728979e-01 3.105912072529896650e-01 4.372273584858088480e-02 4.130713266735858147e-02
1.100000000000000089e+00 -2.417712108756778222e-01 3.186639006723361867e-01 4.071409114922519557e-02 3.546422881535937766e-02
1.110000000000000098e+00 -2.309744727383042928e-01 3.265743298902446523e-01 3.731118410690292819e-02 2.988795283336709296e-02
1.120000000000000107e+00 -2.196643696291178394e-01 3.342866505193444193e-01 3.354018291396188012e-02 2.462965548861889564e-02
1.130000000000000115e+00 -2.078382350425842240e-01 3.417649309896841348e-01 2.943767237885053234e-02 1.973986401921562495e-02
1.140000000000000124e+00 -1.954941187713438999e-01 3.489728492674117888e-01 2.505036952113906534e-02 1.526619862375611092e-02
1.150000000000000133e+00 -1.826311441024546789e-01 3.558733836687262841e-01 2.043430591904762950e-02 1.125123840298053457e-02
1.159999999999999920e+00 -1.692499906538782184e-01 3.624285318013223955e-01 1.565347063369570968e-02 7.730477107087185829e-03
1.169999999999999929e+00 -1.553534913871880696e-01 3.685990948358540131e-01 1.077795456231245286e-02 4.730515996284212488e-03
1.179999999999999938e+00 -1.409473208285438317e-01 3.743445642069022639e-01 5.881683807031384825e-03 2.267632111231709935e-03
1.189999999999999947e+00 -1.260407411748024065e-01 3.796231441365324755e-01 1.039869427229139776e-03 3.468353469972540459e-04
1.199999999999999956e+00 -1.106473649207754956e-01 3.843919362266705608e-01 -3.673671983950008157e-03 -1.038510182870100440e-03
1.209999999999999964e+00 -9.478588773638102483e-02 3.886073024095483830e-01 -8.189161675882780655e-03 -1.906470760621670202e-03
1.219999999999999973e+00 -7.848074390827805558e-02 3.922254107469367868e-01 -1.244330705587469443e-02 -2.285751242131428551e-03
1.229999999999999982e+00 -6.176263864644643276e-02 3.952029560459138224e-01 -1.638141701124867095e-02 -2.214387212904067592e-03
1.239999999999999991e+00 -4.466891650668824987e-02 3.974980350871165080e-01 -1.995907806785768290e-02 -1.738015244422186356e-03
1.250000000000000000e+00 -2.724373247967576406e-02 3.990711453369886197e-01 -2.314332253393674987e-02 -9.078374087012619498e-04
1.260000000000000009e+00 -9.538001304395386445e-03 3.998862669949011517e-01 -2.591325774110651153e-02 2.215938292184360670e-04
1.270000000000000018e+00 8.390889288463682094e-03 3.999119815371237063e-01 -2.826016023605853328e-02 1.594645021687768338e-03
1.280000000000000027e+00 2.647960487220771264e-02 3.991225758157658787e-01 -3.018706786772218376e-02 3.156809365450541360e-03
1.290000000000000036e+00 4.465962251317281279e-02 3.974990793913627529e-01 -3.170792512579740513e-02 4.856751480056653580e-03
1.300000000000000044e+00 6.285820217866801285e-02 3.950301841870640374e-01 -3.284635286728421200e-02 6.648106661006847329e-03
1.310000000000000053e+00 8.099954216991733791e-02 3.917129997437713285e-01 -3.363412341598399913e-02 8.490971783034539921e-03
1.320000000000000062e+00 9.900607987950421629e-02 3.875536042238457157e-01 -3.410942688206786144e-02 1.035304502541362082e-02
1.330000000000000071e+00 1.167998912549823437e-01 3.825673606083304090e-01 -3.431501533469689946e-02 1.221039090694553408e-02
1.340000000000000080e+00 1.343041366183493068e-01 3.767789788287024266e-01 -3.429630890012222433e-02 1.404782525766862245e-02
1.350000000000000089e+00 1.514444974814011802e-01 3.702223172400684881e-01 -3.409954247782662207e-02 1.585893138367322486e-02
1.360000000000000098e+00 1.681505490909265821e-01 3.629399300716578680e-01 -3.377002395107614463e-02 1.764573350532511187e-02
1.370000000000000107e+00 1.843570167773459501e-01 3.549823803584586379e-01 -3.335056484746420913e-02 1.941806625000541686e-02
1.380000000000000115e+00 2.000048706148776501e-01 3.464073494173096623e-01 -3.288013274847639833e-02 2.119268921815659068e-02
1.390000000000000124e+00 2.150422219777038679e-01 3.372785833208090667e-01 -3.239276181777128727e-02 2.299220309708227550e-02
1.400000000000000133e+00 2.294249965798015600e-01 3.276647233749127031e-01 -3.191674418721693329e-02 2.484382823578179522e-02
1.409999999999999920e+00 2.431173706211633978e-01 3.176380709270409386e-01 -3.147411126096932854e-02 2.677810792461188250e-02
1.419999999999999929e+00 2.560919687650015653e-01 3.072733368420785816e-01 -3.108040094990327518e-02 2.882759693513364807e-02
1.429999999999999938e+00 2.683298339204789884e-01 2.966464229149041176e-01 -3.074469506738636282e-02 3.102559144514438483e-02
1.439999999999999947e+00 2.798201884339654999e-01 2.858332768324571282e-01 -3.046990113132813649e-02 3.340494974224705871e-02
1.449999999999999956e+00 2.905600137513602021e-01 2.749088547297255380e-01 -3.025324500138903971e-02 3.599704462306377306e-02
1.459999999999999964e+00 3.005534806142106108e-01 2.639462166629469309e-01 -3.008693533319484192e-02 3.883087879782778917e-02
1.469999999999999973e+00 3.098112643561589663e-01 2.530157712041646856e-01 -2.995895777978746510e-02 4.193238448296957022e-02
1.479999999999999982e+00 3.183497800548962253e-01 2.421846765156689951e-01 -2.985395609143837170e-02 4.532391827844739485e-02
1.489999999999999991e+00 3.261903705122601860e-01 2.315163972272254456e-01 -2.975415852137697215e-02 4.902395286028110588e-02
1.500000000000000000e+00 3.333584767243671365e-01 2.210704095893649690e-01 -2.964031092440921888e-02 5.304695835258502190e-02
1.510000000000000009e+00 3.398828161456364239e-01 2.109020419268422541e-01 -2.949258228464657350e-02 5.740345875921262775e-02
1.520000000000000018e+00 3.457945891132576666e-01 2.010624334379581546e-01 -2.929141376080590664e-02 6.210024272423203540e-02
1.530000000000000027e+00 3.511267287004111171e-01 1.915985918323721005e-01 -2.901828833051312007e-02 6.714070326536188127e-02
1.540000000000000036e+00 3.559132043540708668e-01 1.825535290439969094e-01 -2.865640440191746796e-02 7.252527802969571669e-02
1.550000000000000044e+00 3.601883852123994867e-01 1.739664541171203616e-01 -2.819124301708064717e-02 7.825196004056567123e-02
1.560000000000000053e+00 3.639864651733619172e-01 1.658730031397545324e-01 -2.761102420032190974e-02 8.431684876604962631e-02
1.570000000000000062e+00 3.673409487128374007e-01 1.583054875825616603e-01 -2.690705334440590679e-02 9.071471251767646016e-02
1.580000000000000071e+00 3.702841941768259537e-01 1.512931444012539650e-01 -2.607396306109793782e-02 9.743953550679611275e-02
1.590000000000000080e+00 3.728470097960100427e-01 1.448623736039625354e-01 -2.510985948858168726e-02 1.044850261278540415e-01
1.600000000000000089e+00 3.750582969480843465e-01 1.390369515287306623e-01 -2.401638455060839394e-02 1.118450669541560111e-01
1.610000000000000098e+00 3.769447351474237151e-01 1.338382107047109970e-01 -2.279870707791026296e-02 1.195140912608817635e-01
1.620000000000000107e+00 3.785305037710206544e-01 1.292851797958967375e-01 -2.146545608266248184e-02 1.274873753764133866e-01
1.630000000000000115e+00 3.798370365129367654e-01 1.253946796840677835e-01 -2.002860894222424637e-02 1.357612405760643681e-01
1.640000000000000124e+00 3.808828058609845524e-01 1.221813741920737550e-01 -1.850334597701214223e-02 1.443331623825708232e-01
1.650000000000000133e+00 3.816831363632855467e-01 1.196577762449460292e-01 -1.690788111694452311e-02 1.532017888861756105e-01
1.660000000000000142e+00 3.822500469481674434e-01 1.178342123838565514e-01 -1.526327627796703057e-02 1.623668729569096580e-01
1.669999999999999929e+00 3.825921239293107456e-01 1.167187504527826825e-01 -1.359324494779257098e-02 1.718291259524431513e-01
1.679999999999999938e+00 3.827144274289879800e-01 1.163170969277598915e-01 -1.192394851693795443e-02 1.815900027215274493e-01
1.689999999999999947e+00 3.826184346641751111e-01 1.166324717012220957e-01 -1.028378725442430364e-02 1.916514293814489123e-01
1.699999999999999956e+00 3.823020237712486669e-01 1.176654691080082638e-01 -8.703186629751225034e-03 2.020154865310640202e-01
1.709999999999999964e+00 3.817595015432895811e-01 1.194139145217972403e-01 -7.214378975493096480e-03 2.126840612685446663e-01
1.719999999999999973e+00 3.809816776176173092e-01 1.218727259056181789e-01 -5.851180258213573016e-03 2.236584816262356945e-01
1.729999999999999982e+00 3.799559863327656717e-01 1.250337892327318678e-01 -4.648761914075150159e-03 2.349391468181754039e-01
1.739999999999999991e+00 3.786666557803389233e-01 1.288858557023785101e-01 -3.643418200753423264e-03 2.465251660224059560e-01
1.750000000000000000e+00 3.770949216605234411e-01 1.334144671984403563e-01 -2.872330183154969685e-03 2.584140173030814447e-01
1.760000000000000009e+00 3.752192815932993697e-01 1.386019145632856331e-01 -2.373328162941612529e-03 2.706012367489359915e-01
1.770000000000000018e+00 3.730157837325855930e-01 1.444272311109124907e-01 -2.184654947874231645e-03 2.830801460243412837e-01
1.780000000000000027e+00 3.704583420550625061e-01 1.508662215401920248e-01 -2.344732730701515333e-03 2.958416243859164352e-01
1.790000000000000036e+00 3.675190696897587816e-01 1.578915242005543285e-01 -2.891936441619058495e-03 3.088739289262056875e-01
1.800000000000000044e+00 3.641686212053834582e-01 1.654727026713770366e-01 -3.864376229545607444e-03 3.221625644974106528e-01
1.810000000000000053e+00 3.603765349042714061e-01 1.735763609780734684e-01 -5.299691233240477750e-03 3.356902025765851061e-01
1.820000000000000062e+00 3.561115668479680196e-01 1.821662755755993901e-01 -7.234856074419038219e-03 3.494366463813874946e-01
1.830000000000000071e+00 3.513420094719870712e-01 1.912035365263575759e-01 -9.706000613345922012e-03 3.633788379299599525e-01
1.840000000000000080e+00 3.460359891133921728e-01 2.006466900756559424e-01 -1.274824253213269198e-02 3.774909015232755793e-01
1.850000000000000089e+00 3.401617384363953001e-01 2.104518750306810793e-01 -1.639553132603754904e-02 3.917442173387877258e-01
1.860000000000000098e+00 3.336878414634054657e-01 2.205729458920408226e-01 -2.068050134695853526e-02 4.061075184488458500e-01
1.870000000000000107e+00 3.265834505862362236e-01 2.309615764649769754e-01 -2.563433069274417830e-02 4.205470045730264061e-01
1.880000000000000115e+00 3.188184764586289854e-01 2.415673385799468054e-01 -3.128660198299787476e-02 4.350264661738194594e-01
1.890000000000000124e+00 3.103637530062645644e-01 2.523377514758075590e-01 -3.766516039427192375e-02 4.495074130296122794e-01
1.900000000000000133e+00 3.011911809196150536e-01 2.632182982549802763e-01 -4.479596370975502673e-02 4.639492020820077944e-01
1.910000000000000142e+00 2.912738539379943759e-01 2.741524065407924260e-01 -5.270291851507891145e-02 4.783091600728924808e-01
1.919999999999999929e+00 2.805861730402165466e-01 2.850813910072800272e-01 -6.140769596806927577e-02 4.925426971844644175e-01
1.929999999999999938e+00 2.691039544060811473e-01 2.959443557883978393e-01 -7.092951969239119636e-02 5.066034085075333815e-01
1.939999999999999947e+00 2.568045378075445306e-01 3.066780549068574002e-01 -8.128491717780211845e-02 5.204431606367478924e-01
1.949999999999999956e+00 2.436669030615979392e-01 3.172167088164963844e-01 -9.248742447115954057e-02 5.340121609851238293e-01
1.959999999999999964e+00 2.296718034967472899e-01 3.274917749784740928e-01 -1.045472317359780468e-01 5.472590074953038730e-01
1.969999999999999973e+00 2.148019272681363501e-01 3.374316701821189479e-01 -1.174707542230010726e-01 5.601307162840032383e-01
1.979999999999999982e+00 1.990421000882295344e-01 3.469614422273276655e-01 -1.312601090526238634e-01 5.725727243846522319e-01
1.989999999999999991e+00 1.823795469049568352e-01 3.560023888553877081e-01 -1.459124726192367882e-01 5.845288641634501792e-01
2.000000000000000000e+00 1.648042357823797932e-01 3.644716228572340011e-01 -1.614192859788360357e-01 5.959413052126335542e-01
2.010000000000000231e+00 1.463093354404413071e-01 3.722815847755250318e-01 -1.777652658241739847e-01 6.067504586483285500e-01
2.020000000000000018e+00 1.268918295698797105e-01 3.793395096591029025e-01 -1.949271661763374297e-01 6.168948379026434337e-01
2.030000000000000249e+00 1.065533474549444914e-01 3.855468637482943883e-01 -2.128722205663514111e-01 6.263108695595295261e-01
2.040000000000000036e+00 8.530129323987682699e-02 3.907987837386454610e-01 -2.315561768018735700e-01 6.349326479990984318e-01
2.049999999999999822e+00 6.315038717475464358e-02 3.949835801646425226e-01 -2.509208186834131493e-01 6.426916293895242882e-01
2.060000000000000053e+00 4.012477277863683855e-02 3.979824149500361674e-01 -2.708908572489270861e-01 6.495162653132775521e-01
2.069999999999999840e+00 1.626089345250209678e-02 3.996693425121902177e-01 -2.913700818707707918e-01 6.553315865406190710e-01
2.080000000000000071e+00 -8.388605845457683396e-03 3.999120294414379995e-01 -3.122367168976863394e-01 6.600587676681406446e-01
2.089999999999999858e+00 -3.374966251697389397e-02 3.985736572830552715e-01 -3.333380861000923012e-01 6.636147417491848888e-01
2.100000000000000089e+00 -5.972001263456109404e-02 3.955167759917749271e-01 -3.544850370778340198e-01 6.659120059144878478e-01
2.109999999999999876e+00 -8.616080121145974768e-02 3.906101846273332123e-01 -3.754472533886833441e-01 6.668588924735689982e-01
2.120000000000000107e+00 -1.128871343792886839e-01 3.837401397972753370e-01 -3.959517011371221917e-01 6.663608238354398194e-01
2.129999999999999893e+00 -1.396593333518093838e-01 3.748269875659011596e-01 -4.156879094183960621e-01 6.643234904716401878e-01
2.140000000000000124e+00 -1.661785915049826257e-01 3.638470499061661201e-01 -4.343247539200842944e-01 6.606595085093284192e-01
2.149999999999999911e+00 -1.920927841848628637e-01 3.508566121139912730e-01 -4.515418727413127442e-01 6.553006471142315270e-01
2.160000000000000142e+00 -2.170182710379254809e-01 3.360105207217618517e-01 -4.670723663300690998e-01 6.482171020547433660e-01
2.169999999999999929e+00 -2.405787688599020646e-01 3.195651044370361737e-01 -4.807431728837456841e-01 6.394417354057144731e-01
2.180000000000000160e+00 -2.624527486945356092e-01 3.018585011270726870e-01 -4.924942825154561832e-01 6.290906705684622402e-01
2.189999999999999947e+00 -2.824129070598534463e-01 2.832718657509118443e-01 -5.023674433330833633e-01 6.173676633491881338e-01
2.200000000000000178e+00 -3.003435300213936898e-01 2.641850941561393329e-01 -5.104736139562746633e-01 6.045457085425867128e-01
2.209999999999999964e+00 -3.162333146127755956e-01 2.449418109041763270e-01 -5.169578446448079845e-01 5.909326533312841967e-01
2.220000000000000195e+00 -3.301522413226855579e-01 2.258306833661166135e-01 -5.219741174089671532e-01 5.768354808472040407e-01
2.229999999999999982e+00 -3.422239917300326506e-01 2.070814803027121731e-01 -5.256719295988221408e-01 5.625345068641536272e-01
2.240000000000000213e+00 -3.526017931878997480e-01 1.888702608688768991e-01 -5.281908822847295459e-01 5.482704163921398033e-01
2.250000000000000000e+00 -3.614506732232496966e-01 1.713283713412917797e-01 -5.296593078299514090e-01 5.342413846705869052e-01
2.260000000000000231e+00 -3.689359222409995809e-01 1.545518853983449681e-01 -5.301945174732510813e-01 5.206060691795455497e-01
2.270000000000000018e+00 -3.752163240955912471e-01 1.386099207567491332e-01 -5.299035479545717298e-01 5.074891188349298643e-01
2.280000000000000249e+00 -3.804406114384727977e-01 1.235513705643162957e-01 -5.288839794296087415e-01 4.949871880341023545e-01
2.290000000000000036e+00 -3.847459249201526377e-01 1.094101149681155905e-01 -5.272246904912882837e-01 4.831744810616817598e-01
2.300000000000000266e+00 -3.882574338363682376e-01 9.620896564664922768e-02 -5.250065214282840786e-01 4.721074719522456720e-01
2.310000000000000053e+00 -3.910885808475463854e-01 8.396262222353591265e-02 -5.223028487396963460e-01 4.618287571199131136e-01
2.319999999999999840e+00 -3.933416256726109950e-01 7.267988382783505119e-02 -5.191800810757329909e-01 4.523701301362653693e-01
2.330000000000000071e+00 -3.951082994960182782e-01 6.236530821991275592e-02 -5.156980868612891511e-01 4.437550081112427436e-01
2.339999999999999858e+00 -3.964704660693595395e-01 5.302046335845107816e-02 -5.119105624777495755e-01 4.360003376876664949e-01
2.350000000000000089e+00 -3.975007357298693811e-01 4.464487758088891978e-02 -5.078653485021064062e-01 4.291180915342593938e-01
2.359999999999999876e+00 -3.982630077378803701e-01 3.723676499881573704e-02 -5.036047003823448387e-01 4.231164454573742018e-01
2.370000000000000107e+00 -3.988129328139113361e-01 3.079358083053482936e-02 -4.991655190270351539e-01 4.180007068501079281e-01
2.379999999999999893e+00 -3.991982967203488997e-01 2.531244546803645620e-02 -4.945795460394463716e-01 4.137740488194207034e-01
2.390000000000000124e+00 -3.994593303237289339e-01 2.079046457677249937e-02 -4.898735276894971014e-01 4.104380911763758633e-01
2.399999999999999911e+00 -3.996289536638246154e-01 1.722496425414996035e-02 -4.850693511694317284e-01 4.079933591814826066e-01
2.410000000000000142e+00 -3.997329622473119182e-01 1.461365433384559202e-02 -4.801841562127734941e-01 4.064396429940309585e-01
2.419999999999999929e+00 -3.997901637172439071e-01 1.295472867100426473e-02 -4.752304247679365878e-01 4.057762746847169422e-01
2.430000000000000160e+00 -3.998124725908198673e-01 1.224690821452303034e-02 -4.702160511067584037e-01 4.060023350116023222e-01
2.439999999999999947e+00 -3.998049701103265630e-01 1.248943053469198095e-02 -4.651443945131338298e-01 4.071167985905705389e-01
2.450000000000000178e+00 -3.997659355231909517e-01 1.368198798669032802e-02 -4.600143165364541931e-01 4.091186233472505762e-01
2.459999999999999964e+00 -3.996868543481957303e-01 1.582461567445339959e-02 -4.548202047068098386e-01 4.120067880121727200e-01
2.470000000000000195e+00 -3.995524084148697752e-01 1.891752969806344969e-02 -4.495519845919536128e-01 4.157802797541905182e-01
2.479999999999999982e+00 -3.993404516822142702e-01 2.296091571007400495e-02 -4.441951221283745310e-01 4.204380327107465898e-01
2.490000000000000213e+00 -3.990219750418471101e-01 2.795466747617518510e-02 -4.387306182803047960e-01 4.259788170602938906e-01
2.500000000000000000e+00 -3.985610624758069154e-01 3.389807484439170959e-02 -4.331349982734477577e-01 4.324010772966450644e-01
2.510000000000000231e+00 -3.979148400571789201e-01 4.078946018605484475e-02 -4.273802979213917608e-01 4.397027174148066542e-01
2.520000000000000018e+00 -3.970334183426797448e-01 4.862576188736470600e-02 -4.214340499258500405e-01 4.478808297053479826e-01
2.530000000000000249e+00 -3.958598277085386696e-01 5.740206273790252056e-02 -4.152592735118063594e-01 4.569313626678651596e-01
2.540000000000000036e+00 -3.943299451360340879e-01 6.711105996042941724e-02 -4.088144713969512067e-01 4.668487220577064445e-01
2.550000000000000266e+00 -3.923724098940041816e-01 7.774247200836617577e-02 -4.020536389582273218e-01 4.776252971006750281e-01
2.560000000000000053e+00 -3.899085245601319749e-01 8.928237494231969218e-02 -3.949262916512746857e-01 4.892509012208495767e-01
2.569999999999999840e+00 -3.868521369938855980e-01 1.017124579550803820e-01 -3.873775184210982436e-01 5.017121129228765408e-01
2.580000000000000071e+00 -3.831094984353922150e-01 1.150091831489216815e-01 -3.793480712565053259e-01 5.149914973399093432e-01
2.589999999999999858e+00 -3.785790932200089887e-01 1.291428285918957142e-01 -3.707745045495206004e-01 5.290666818385912906e-01
2.600000000000000089e+00 -3.731514372829838888e-01 1.440763854822966206e-01 -3.615893830627912031e-01 5.439092491918837702e-01
2.609999999999999876e+00 -3.667088467225386172e-01 1.597642692701521927e-01 -3.517215848757739849e-01 5.594833981373312781e-01
2.620000000000000107e+00 -3.591251859573894034e-01 1.761507899813977707e-01 -3.410967368256438981e-01 5.757443022184010051e-01
2.629999999999999893e+00 -3.502656204607762502e-01 1.931683077609457899e-01 -3.296378363184618299e-01 5.926360718187957399e-01
2.640000000000000124e+00 -3.399864268082279928e-01 2.107349747578067256e-01 -3.172661371995058044e-01 6.100891890088846470e-01
2.649999999999999911e+00 -3.281349616013931048e-01 2.287519332701961616e-01 -3.039024114774303564e-01 6.280172379417762185e-01
2.660000000000000142e+00 -3.145499756010998182e-01 2.470998034182697034e-01 -2.894687461035427845e-01 6.463126939001413440e-01
2.669999999999999929e+00 -2.990626049821369370e-01 2.656342566411537542e-01 -2.738910962623317680e-01 6.648414649287406331e-01
2.680000000000000160e+00 -2.814986181201639126e-01 2.841804497083466052e-01 -2.571028891741609645e-01 6.834358171227286061e-01
2.689999999999999947e+00 -2.616829036456926327e-01 3.025261276973596480e-01 -2.390500330953513053e-01 7.018853058448657478e-01
2.700000000000000178e+00 -2.394478277058821603e-01 3.204133858111021249e-01 -2.196976702708752505e-01 7.199255023749085991e-01
2.709999999999999964e+00 -2.146480068330151036e-01 3.375296033870420764e-01 -1.990387679783075514e-01 7.372249269303339236e-01
2.720000000000000195e+00 -1.871850768295206802e-01 3.534992885598590151e-01 -1.771038829576435381e-01 7.533722302927520209e-01
2.729999999999999982e+00 -1.570463781739561138e-01 3.678810067160885322e-01 -1.539698240964520182e-01 7.678691750598636290e-01
2.740000000000000213e+00 -1.243588681700401877e-01 3.801774216171531218e-01 -1.297626986815466343e-01 7.801409182212843962e-01
2.750000000000000000e+00 -8.945003926648124881e-02 3.898700943586529966e-01 -1.046503236197106057e-01 7.895811792131777196e-01
2.760000000000000231e+00 -5.288933721821819506e-02 3.964879796521170729e-01 -7.882532969404412726e-02 7.956462493826763627e-01
2.770000000000000018e+00 -1.546829286888520144e-02 3.997008029960940623e-01 -5.249337153886717011e-02 7.979835462193998197e-01
2.780000000000000249e+00 2.190529486525560898e-02 3.993997471917905551e-01 -2.588154186190919082e-02 7.965350115987823720e-01
2.790000000000000036e+00 5.836543008364450391e-02 3.957189363312693664e-01 7.453003787644477129e-04 7.915470816832552714e-01
2.800000000000000266e+00 9.322006994552273218e-02 3.889858847816355936e-01 2.709132963886913548e-02 7.834817525742592270e-01
2.810000000000000053e+00 1.260043009405662495e-01 3.796352409148540108e-01 5.286458772856350574e-02 7.728916233821523374e-01
2.819999999999999840e+00 1.564622604408160145e-01 3.681298154968574154e-01 7.781460757432695496e-02 7.603217923380368726e-01
2.830000000000000071e+00 1.844963116890818988e-01 3.549100040476813045e-01 1.017525702330115134e-01 7.462582802031423324e-01
2.839999999999999858e+00 2.101145529890590946e-01 3.403702023124349774e-01 1.245529833325654812e-01 7.311120836073852214e-01
2.850000000000000089e+00 2.333898099602686182e-01 3.248525767278285237e-01 1.461449573138695612e-01 7.152220628390102419e-01
2.859999999999999876e+00 2.544316429787808476e-01 3.086495408244085414e-01 1.665003336605000994e-01 6.988649747087858355e-01
2.870000000000000107e+00 2.733686156655558142e-01 2.920095888307396303e-01 1.856225163406576006e-01 6.822667118320566715e-01
2.879999999999999893e+00 2.903375604199466831e-01 2.751437824291034784e-01 2.035373532322621581e-01 6.656123778784366340e-01
2.890000000000000124e+00 3.054772797107890292e-01 2.582317400717742406e-01 2.202861778768956946e-01 6.490545594776109262e-01
2.899999999999999911e+00 3.189249458803002923e-01 2.414267567922982194e-01 2.359206729213051967e-01 6.327198575116294021e-01
2.910000000000000142e+00 3.308140986254199389e-01 2.248600279076984898e-01 2.504991327891744612e-01 6.167139627644544486e-01
2.919999999999999929e+00 3.412735667660797834e-01 2.086440812166933390e-01 2.640837535097374511e-01 6.011255874427204882e-01
2.930000000000000160e+00 3.504269106777180842e-01 1.928755564421541502e-01 2.767386600874206515e-01 5.860295233876010590e-01
2.939999999999999947e+00 3.583921470085484895e-01 1.776374649746020884e-01 2.885284586003365459e-01 5.714890424019374304e-01
2.950000000000000178e+00 3.652816170727140599e-01 1.630010436431101883e-01 2.995171611515950461e-01 5.575578029786958378e-01
2.959999999999999964e+00 3.712019201205253860e-01 1.490272944759955809e-01 3.097673768561304275e-01 5.442813860346981114e-01
2.970000000000000195e+00 3.762538683663178007e-01 1.357682825235025370e-01 3.193396941991606397e-01 5.316985500945363707e-01
2.979999999999999982e+00 3.805324417986453156e-01 1.232682470823717735e-01 3.282922026160578488e-01 5.198422722153173137e-01
2.990000000000000213e+00 3.841267331703079324e-01 1.115645681383972826e-01 3.366801167481902612e-01 5.087406230436400945e-01
3.000000000000000000e+00 3.871198806251122115e-01 1.006886191423781024e-01 3.445554775891874755e-01 4.984175112211348679e-01
3.010000000000000231e+00 3.895889892464227677e-01 9.066652887339804456e-02 3.519669121386294064e-01 4.888933226908096508e-01
3.020000000000000018e+00 3.916050446715961808e-01 8.151986866866978154e-02 3.589594382718272469e-01 4.801854733836882771e-01
3.030000000000000249e+00 3.932328225781375752e-01 7.326627632977547600e-02 3.655743050421298990e-01 4.723088886003328213e-01
3.040000000000000036e+00 3.945307977886898243e-01 6.592002424316871501e-02 3.718488610577946329e-01 4.652764186406238012e-01
3.050000000000000266e+00 3.955510562603675728e-01 5.949253643363632688e-02 3.778164452639601878e-01 4.590991975052532426e-01
3.060000000000000053e+00 3.963392125067654592e-01 5.399285720831076274e-02 3.835062956482437335e-01 4.537869495169669087e-01
3.070000000000000284e+00 3.969343341664595126e-01 4.942807258865620362e-02 3.889434722376849951e-01 4.493482472806005767e-01
3.080000000000000071e+00 3.973688745540173706e-01 4.580368473904300464e-02 3.941487913751930416e-01 4.457907233594481378e-01
3.089999999999999858e+00 3.976686131534952207e-01 4.312393897333302584e-02 3.991387687297131559e-01 4.431212372674361299e-01
3.100000000000000089e+00 3.978526031656587914e-01 4.139210255965329599e-02 4.039255688560342561e-01 4.413459987623575831e-01
3.109999999999999876e+00 3.979331244108831878e-01 4.061069436235474617e-02 4.085169594109926416e-01 4.404706478919505064e-01
3.120000000000000107e+00 3.979156391228888534e-01 4.078166427970952856e-02 4.129162683755919216e-01 4.405002917190908862e-01
3.129999999999999893e+00 3.977987474411822100e-01 4.190652138064594051e-02 4.171223428434440161e-01 4.414394970669210383e-01
3.140000000000000124e+00 3.975741387160776075e-01 4.398640953941426041e-02 4.211295081279378127e-01 4.432922379114414002e-01
3.149999999999999911e+00 3.972265340726696681e-01 4.702212913739910877e-02 4.249275261260614944e-01 4.460617951347256582e-01
3.160000000000000142e+00 3.967336150349538570e-01 5.101410296473968264e-02 4.285015520702273317e-01 4.497506051519897796e-01
3.169999999999999929e+00 3.960659323912801844e-01 5.596228371882157326e-02 4.318320890196574724e-01 4.543600523371139066e-01
3.180000000000000160e+00 3.951867889038551684e-01 6.186599935230831238e-02 4.348949397163553998e-01 4.598901980627029817e-01
3.189999999999999947e+00 3.940520889684449024e-01 6.872373083298677354e-02 4.376611557953037912e-01 4.663394363709981727e-01
3.200000000000000178e+00 3.926101479972042840e-01 7.653281446290456647e-02 4.400969848488593961e-01 4.737040625736210209e-01
3.209999999999999964e+00 3.908014542785567813e-01 8.528905752653803685e-02 4.421638165796772380e-01 4.819777361384294245e-01
3.220000000000000195e+00 3.885583766310483078e-01 9.498625137273530861e-02 4.438181303465532634e-01 4.911508126592059598e-01
3.229999999999999982e+00 3.858048127771909197e-01 1.056155596394615231e-01 4.450114479705086779e-01 5.012095109949965543e-01
3.240000000000000213e+00 3.824557768117652912e-01 1.171647506006358724e-01 4.456902979411602184e-01 5.121348701508825485e-01
3.250000000000000000e+00 3.784169307707917485e-01 1.296172307450433603e-01 4.457962004353283048e-01 5.239014353734734453e-01
3.260000000000000231e+00 3.735840773830060857e-01 1.429508206548257554e-01 4.452656871948903472e-01 5.364755934643361535e-01
3.270000000000000018e+00 3.678426523771586298e-01 1.571361928141854492e-01 4.440303767167479987e-01 5.498134529909810553e-01
3.280000000000000249e+00 3.610672914453130766e-01 1.721348629660631735e-01 4.420171337249076959e-01 5.638581365086352548e-01
3.290000000000000036e+00 3.531216091758802578e-01 1.878965915950496501e-01 4.391483525153244694e-01 5.785363225882109717e-01
3.300000000000000266e+00 3.438584306414056435e-01 2.043560120887801534e-01 4.353424155392350281e-01 5.937538555692156717e-01
3.310000000000000053e+00 3.331208836779306903e-01 2.214282657151849798e-01 4.305143885923143343e-01 6.093902550910669236e-01
3.320000000000000284e+00 3.207450199487501541e-01 2.390034145740932425e-01 4.245770160566463280e-01 6.252920587046835177e-01
3.330000000000000071e+00 3.065650089161743308e-01 2.569394779091487835e-01 4.174420648845800219e-01 6.412652231563011895e-01
3.339999999999999858e+00 2.904224197595580703e-01 2.750542093860827708e-01 4.090220318517859277e-01 6.570674709511403755e-01
3.350000000000000089e+00 2.721815082484917991e-01 2.931164044668537749e-01 3.992322141470209251e-01 6.724027318379910412e-01
3.359999999999999876e+00 2.517522668060413471e-01 3.108388588288468757e-01 3.879933139682041343e-01 6.869217979103177107e-01
3.370000000000000107e+00 2.291212719968539757e-01 3.278771762696264247e-01 3.752354839938672471e-01 7.002353869384552176e-01
3.379999999999999893e+00 2.043858468628503011e-01 3.438406980014953596e-01 3.609063656554013511e-01 7.119457471340910892e-01
3.390000000000000124e+00 1.777799974372196168e-01 3.583214653230004654e-01 3.449872316949842421e-01 7.216969471759580035e-01
3.399999999999999911e+00 1.496756305346969851e-01 3.709409732343420529e-01 3.275188758368317021e-01 7.292310513838837771e-01
3.410000000000000142e+00 1.205480874045937317e-01 3.814028822952108544e-01 3.086289688433114797e-01 7.344263688187493422e-01
3.419999999999999929e+00 9.091310425703906517e-02 3.895315230816997487e-01 2.885426490778292830e-01 7.372994960377028395e-01
3.430000000000000160e+00 6.125949927684237045e-02 3.952812590401302284e-01 2.675637798251014887e-01 7.379743342947452378e-01
3.439999999999999947e+00 3.200172529187327725e-02 3.987178069491548182e-01 2.460342433429073272e-01 7.366380360221327361e-01
3.450000000000000178e+00 3.460911340803827542e-03 3.999850273356380104e-01 2.242912133171212075e-01 7.335026096743334501e-01
3.459999999999999964e+00 -2.413179982006371724e-02 3.992714067366261999e-01 2.026373307826989933e-01 7.287797699167846144e-01
3.470000000000000195e+00 -5.062067640065179286e-02 3.967840056261599524e-01 1.813269103812289729e-01 7.226679067106749343e-01
3.479999999999999982e+00 -7.590817840134325700e-02 3.927313947875696321e-01 1.605640293895487791e-01 7.153471026235354024e-01
3.490000000000000213e+00 -9.993952640167194645e-02 3.873139438009036706e-01 1.405070300258901284e-01 7.069785391225114068e-01
3.500000000000000000e+00 -1.226904962224205919e-01 3.807191118616140568e-01 1.212754265783043406e-01 6.977059073468372397e-01
3.510000000000000231e+00 -1.441583819342507622e-01 3.731197675252528323e-01 1.029569936364481963e-01 6.876575095476569199e-01
3.520000000000000018e+00 -1.643555419284890295e-01 3.646741776399758939e-01 8.561406164305890298e-02 6.769484117520511157e-01
3.530000000000000249e+00 -1.833048759073332423e-01 3.555268238383668677e-01 6.928873522385048389e-02 6.656823777394833552e-01
3.540000000000000036e+00 -2.010366806279096363e-01 3.458095618141752148e-01 5.400706840178415291e-02 6.539534990916731072e-01
3.550000000000000266e+00 -2.175864653965008388e-01 3.356428609046486766e-01 3.978234855028134342e-02 6.418475205811902118e-01
3.560000000000000053e+00 -2.329934259672445107e-01 3.251369918296689310e-01 2.661766369333887217e-02 6.294428940485456980e-01
3.570000000000000284e+00 -2.472993660682753225e-01 3.143931035220543513e-01 1.450791181467372959e-02 6.168116036961017734e-01
3.580000000000000071e+00 -2.605479211957351104e-01 3.035041692639180444e-01 3.441383068342740437e-03 6.040198048540952325e-01
3.589999999999999858e+00 -2.727839850686643586e-01 2.925558023524036932e-01 -6.598982286411814169e-03 5.911283133004349155e-01
3.600000000000000089e+00 -2.840532706279272346e-01 2.816269508509041120e-01 -1.563458160678893316e-02 5.781929761878827900e-01
3.609999999999999876e+00 -2.944019589950708227e-01 2.707904845814650407e-01 -2.369032405039345202e-02 5.652649498676418638e-01
3.620000000000000107e+00 -3.038764045296312166e-01 2.601136881637410858e-01 -3.079394704775584302e-02 5.523909048872820415e-01
3.629999999999999893e+00 -3.125228742421558570e-01 2.496586731427963834e-01 -3.697544227582544307e-02 5.396131742921328467e-01
3.640000000000000124e+00 -3.203873068485992293e-01 2.394827209013241642e-01 -4.226656689474950213e-02 5.269698580179664749e-01
3.649999999999999911e+00 -3.275150817160794592e-01 2.296385665529852571e-01 -4.670042221565778862e-02 5.144948935138977664e-01
3.660000000000000142e+00 -3.339507915413166828e-01 2.201746325736188281e-01 -5.031108678294582415e-02 5.022181006500560096e-01
3.669999999999999929e+00 -3.397380152834895695e-01 2.111352196371686363e-01 -5.313329450729747938e-02 4.901652073245155727e-01
3.680000000000000160e+00 -3.449190899483380868e-01 2.025606610109926542e-01 -5.520215129523592390e-02 4.783578608834254675e-01
3.689999999999999947e+00 -3.495348814880180899e-01 1.944874459268700062e-01 -5.655288582278950038e-02 4.668136294201580827e-01
3.700000000000000178e+00 -3.536245564645619233e-01 1.869483165616686038e-01 -5.722063186570613968e-02 4.555459961540206937e-01
3.709999999999999964e+00 -3.572253572946141320e-01 1.799723426133451598e-01 -5.724024104866709539e-02 4.445643493537333457e-01
3.720000000000000195e+00 -3.603723848835539978e-01 1.735849769229458606e-01 -5.664612609695124368e-02 4.338739696281573854e-01
3.729999999999999982e+00 -3.630983932773482192e-01 1.678080951545788124e-01 -5.547213572527603942e-02 4.234760158339362368e-01
3.740000000000000213e+00 -3.654336016034120393e-01 1.626600221909450805e-01 -5.375146322013657496e-02 4.133675103376471816e-01
3.750000000000000000e+00 -3.674055290213440461e-01 1.581555476249453251e-01 -5.151659159070320904e-02 4.035413239220663195e-01
3.760000000000000231e+00 -3.690388586414650729e-01 1.543059325256315728e-01 -4.879927889723534307e-02 3.939861602567465426e-01
3.770000000000000018e+00 -3.703553363762661643e-01 1.511189095302860608e-01 -4.563058802795466606e-02 3.846865395866057025e-01
3.780000000000000249e+00 -3.713737104553989088e-01 1.485986782666305350e-01 -4.204096579592314642e-02 3.756227811611394518e-01
3.790000000000000036e+00 -3.721097168551577572e-01 1.467458981436085275e-01 -3.806037677678519859e-02 3.667709839706655428e-01
3.800000000000000266e+00 -3.725761151744009236e-01 1.455576806683574753e-01 -3.371849781696117931e-02 3.581030056200933398e-01
3.810000000000000053e+00 -3.727827785457224485e-01 1.450275836512863736e-01 -2.904497962146951329e-02 3.495864397067255380e-01
3.820000000000000284e+00 -3.727368400262828230e-01 1.451456099481526485e-01 -2.406978229203760034e-02 3.411845929360892704e-01
3.830000000000000071e+00 -3.724428965946615100e-01 1.458982137525278167e-01 -1.882359213749168481e-02 3.328564644804041239e-01
3.839999999999999858e+00 -3.719032704167021808e-01 1.472683178873219756e-01 -1.333832751951979922e-02 3.245567318492624809e-01
3.850000000000000089e+00 -3.711183254584589641e-01 1.492353460441237234e-01 -7.647741911414263072e-03 3.162357499237874459e-01
3.859999999999999876e+00 -3.700868358314311490e-01 1.517752744826354194e-01 -1.788132689296895173e-03 3.078395729747059884e-01
3.870000000000000107e+00 -3.688064004501419024e-01 1.548607083382017302e-01 4.200835652660384056e-03 2.993100136842237746e-01
3.879999999999999893e+00 -3.672738966344365474e-01 1.584609884197282215e-01 1.027518535218607809e-02 2.905847587680592259e-01
3.890000000000000124e+00 -3.654859631311965784e-01 1.625423352670363475e-01 1.638554863951097174e-02 2.815975682387725776e-01
3.899999999999999911e+00 -3.634395005434639114e-01 1.670680383697537019e-01 2.247595483508252334e-02 2.722785953494084588e-01
3.910000000000000142e+00 -3.611321741493053183e-01 1.719986999782144310e-01 2.848247992510993809e-02 2.625548777380654064e-01
3.919999999999999929e+00 -3.585629002816354549e-01 1.772925450819125281e-01 3.433176507498952867e-02 2.523510684773649926e-01
3.930000000000000160e+00 -3.557322924092276017e-01 1.829058122020068844e-01 3.993942430058511350e-02 2.415905001189563306e-01
3.939999999999999947e+00 -3.526430362329188162e-01 1.887932440433934822e-01 4.520838483962641430e-02 2.301967070695260520e-01
3.950000000000000178e+00 -3.493001537341586804e-01 1.949087032466563785e-01 5.002724210060238708e-02 2.180955731481346860e-01
3.959999999999999964e+00 -3.457111032826749586e-01 2.012059468978878718e-01 5.426877226738313631e-02 2.052183221246181855e-01
3.970000000000000195e+00 -3.418856457445206831e-01 2.076396042036589284e-01 5.778884025078695474e-02 1.915056262568943235e-01
3.979999999999999982e+00 -3.378353846439599018e-01 2.141664139926419130e-01 6.042608113471464870e-02 1.769131607679684248e-01
3.990000000000000213e+00 -3.335728630038841680e-01 2.207467894837701616e-01 6.200293017546892882e-02 1.614189557922751095e-01
4.000000000000000000e+00 -3.291100753755936137e-01 2.273467798018505293e-01 6.232882858810989690e-02 1.450328413485453272e-01
4.009999999999999787e+00 -3.244562428153614508e-01 2.339404763997440517e-01 6.120670549433415708e-02 1.278080576905059051e-01
4.020000000000000462e+00 -3.196147249188385220e-01 2.405128429316305549e-01 5.844402630579553781e-02 1.098545840175065291e-01
4.030000000000000249e+00 -3.145790444373055550e-01 2.470627952584358022e-01 5.386958461868118775e-02 9.135278354832152004e-02
4.040000000000000036e+00 -3.093282208273950284e-01 2.536060957464515986e-01 4.735644748916723046e-02 7.256453314851113445e-02
4.049999999999999822e+00 -3.038219682417560574e-01 2.601772695946081293e-01 3.884967217050999677e-02 5.383738770754625813e-02
4.060000000000000497e+00 -2.979967418539207213e-01 2.668294246226374233e-01 2.839456624197972401e-02 3.559639497625016746e-02
4.070000000000000284e+00 -2.917638980961930195e-01 2.736308238625800859e-01 1.615823576082869861e-02 1.831932885904830055e-02
4.080000000000000071e+00 -2.850110534316472322e-01 2.806576195683679331e-01 2.435960468994469164e-03 2.495411136661129792e-03
4.089999999999999858e+00 -2.776069090001910267e-01 2.879833399267389682e-01 -1.236332496269293424e-02 -1.142581345194898512e-02
4.099999999999999645e+00 -2.694086254485123511e-01 2.956670298392148899e-01 -2.775145304779533251e-02 -2.308336000727634341e-02
4.110000000000000320e+00 -2.602699644052987038e-01 3.037425647295166065e-01 -4.320698464903946490e-02 -3.223907586909380285e-02
4.120000000000000107e+00 -2.500484200706906690e-01 3.122111266757663373e-01 -5.822083711492809233e-02 -3.879055197741337890e-02
4.129999999999999893e+00 -2.386103696539858543e-01 3.210375234977809189e-01 -7.233186274048164499e-02 -4.276387581043472608e-02
4.139999999999999680e+00 -2.258342770547705491e-01 3.301497831396367211e-01 -8.514823389840378565e-02 -4.429305263240057577e-02
4.150000000000000355e+00 -2.116126405958182188e-01 3.394408495453443142e-01 -9.635575836320450782e-02 -4.359420250344331338e-02
4.160000000000000142e+00 -1.958535378569459806e-01 3.487712598665748120e-01 -1.057170417060815937e-01 -4.094070051140130673e-02
4.169999999999999929e+00 -1.784824555664973611e-01 3.579720841838833767e-01 -1.130657727365384502e-01 -3.664248423386345932e-02
4.179999999999999716e+00 -1.594448220757105628e-01 3.668478549933814614e-01 -1.182994352625375833e-01 -3.103033885995654106e-02
4.190000000000000391e+00 -1.387094155592806799e-01 3.751795543938965527e-01 -1.213724630095006918e-01 -2.444455658576732970e-02
4.200000000000000178e+00 -1.162726362152756709e-01 3.827279374014264102e-01 -1.222907814900410089e-01 -1.722678744558903130e-02
4.209999999999999964e+00 -9.216348684481878717e-02 3.892375774415992029e-01 -1.211079516642134812e-01 -9.713820546074058981e-03
4.219999999999999751e+00 -6.644897234075576586e-02 3.944420541408553693e-01 -1.179226879427069802e-01 -2.232190803443279137e-03
4.230000000000000426e+00 -3.923948192258017165e-02 3.980706759589903720e-01 -1.128772661955153717e-01 4.907253541069245273e-03
4.240000000000000213e+00 -1.069355215278944629e-02 3.998570343789835113e-01 -1.061561851920430066e-01 1.141542268784040415e-02
4.250000000000000000e+00 1.897876138903956122e-02 3.995495045875265827e-01 -9.798435457936545412e-02 1.703201544100213516e-02
4.259999999999999787e+00 4.951481185712483524e-02 3.969235233728955481e-01 -8.862404773983037498e-02 2.153351888522581081e-02
4.270000000000000462e+00 8.060153701556016514e-02 3.917950895949683932e-01 -7.836990028760976168e-02 2.474184805940543574e-02
4.280000000000000249e+00 1.118817039206713437e-01 3.840344832535318442e-01 -6.754139096774600115e-02 2.653294057061977851e-02
4.290000000000000036e+00 1.429646851518272255e-01 3.735787718800934742e-01 -5.647254267037724040e-02 2.684430264088716322e-02
4.299999999999999822e+00 1.734416285187762585e-01 3.604413981450449445e-01 -4.549902786831055979e-02 2.568030575109370162e-02
4.310000000000000497e+00 2.029041094290814362e-01 3.447171628694912782e-01 -3.494340153415931294e-02 2.311405105526909143e-02
4.320000000000000284e+00 2.309645765844953458e-01 3.265813288648706791e-01 -2.509970129468633293e-02 1.928491561829004386e-02
4.330000000000000071e+00 2.572763436767659395e-01 3.062823582649099596e-01 -1.621899896005263297e-02 1.439145817384990256e-02
4.339999999999999858e+00 2.815507467081539428e-01 2.841288035875295104e-01 -8.497528721104263827e-03 8.680082551266232738e-03
4.350000000000000533e+00 3.035694659491565139e-01 2.604718398279244340e-01 -2.068706775884610050e-03 2.430549772828860533e-03
4.360000000000000320e+00 3.231908202762276416e-01 2.356855822683669166e-01 3.000237292433705072e-03 -4.060096667663465331e-03
4.370000000000000107e+00 3.403498519952155577e-01 2.101475154429261749e-01 6.707011948071273100e-03 -1.049349453771117324e-02
4.379999999999999893e+00 3.550529549855889755e-01 1.842210605658358147e-01 9.109035431163425844e-03 -1.658432911113771890e-02
4.389999999999999680e+00 3.673684413617654965e-01 1.582416768472423296e-01 1.031529017336219045e-02 -2.207206979019854520e-02
4.400000000000000355e+00 3.774147024859788591e-01 1.325071407412448943e-01 1.047647364909920498e-02 -2.672958937481154096e-02
4.410000000000000142e+00 3.853475370449890303e-01 1.072719706790213334e-01 9.774569978113822888e-03 -3.036867160582093494e-02
4.419999999999999929e+00 3.913479082565011757e-01 8.274548146733561038e-02 8.412722026450547563e-03 -3.284276684085725428e-02
4.429999999999999716e+00 3.956109875512074936e-01 5.909269437721029194e-02 6.605979927637228855e-03 -3.404754420840899742e-02
4.440000000000000391e+00 3.983369499804644831e-01 3.643726499424686932e-02 4.573214893852262097e-03 -3.391983081449354703e-02
4.450000000000000178e+00 3.997236697187553922e-01 1.486566065034963281e-02 2.530261733451721895e-03 -3.243546674657511036e-02
4.459999999999999964e+00 3.999612442892799269e-01 -5.568039742219110279e-03 6.842061486217465571e-04 -2.960648423481066979e-02
4.469999999999999751e+00 3.992281479467902905e-01 -2.483718758184407654e-02 -7.713389468778641955e-04 -2.547787846066243769e-02
4.480000000000000426e+00 3.976887587811679392e-01 -4.293775889696682668e-02 -1.660132717925200119e-03 -2.012410380959545053e-02
4.490000000000000213e+00 3.954919978846951345e-01 -5.988388438613805737e-02 -1.826508245884150838e-03 -1.364532162554953770e-02
4.500000000000000000e+00 3.927708418956180614e-01 -7.570380278828413301e-02 -1.137937276964762212e-03 -6.163356350506549175e-03
4.509999999999999787e+00 3.896425063444043935e-01 -9.043626070139577922e-02 5.130586337032672084e-04 2.182705630369888294e-03
4.520000000000000462e+00 3.862091350954240943e-01 -1.041273449620438857e-01 3.207734669534278993e-03 1.124131313801036980e-02
4.530000000000000249e+00 3.825588635634801227e-01 -1.168277189241431896e-01 7.000809946839714470e-03 2.085361010663232262e-02
4.540000000000000036e+00 3.787671466832881473e-01 -1.285902352179220109e-01 1.192113281433371252e-02 3.085882281773691393e-02
4.549999999999999822e+00 3.748982564268720230e-01 -1.394679078788067794e-01 1.797338523741459637e-02 4.109963163588353785e-02
4.560000000000000497e+00 3.710068603275138432e-01 -1.495122389301981325e-01 2.514078697003307994e-02 5.142720294291386329e-02
4.570000000000000284e+00 3.671395961390682139e-01 -1.587719022586866202e-01 3.338863804109626354e-02 6.170552962196138025e-02
4.580000000000000071e+00 3.633365630345344321e-01 -1.672917868941921904e-01 4.266842547925625562e-02 7.181477001470823462e-02
4.589999999999999858e+00 3.596326600788812833e-01 -1.751123919218393332e-01 5.292214793922495053e-02 8.165338021889936848e-02
4.600000000000000533e+00 3.560587192319670247e-01 -1.822695489073567210e-01 6.408649898470897277e-02 9.113897803334905512e-02
4.610000000000000320e+00 3.526424014381219774e-01 -1.887944297588106113e-01 7.609659706618188135e-02 1.002080236637800104e-01
4.620000000000000107e+00 3.494088472709541149e-01 -1.947137834072951990e-01 8.888904162304978041e-02 1.088145198284626580e-01
4.629999999999999893e+00 3.463810945407617137e-01 -2.000503370273189196e-01 1.024041848786033659e-01 1.169280022195498814e-01
4.639999999999999680e+00 3.435802914692571708e-01 -2.048232977810393596e-01 1.165876127968857867e-01 1.245311068185371850e-01
4.650000000000000355e+00 3.410257441829145364e-01 -2.090488981183335204e-01 1.313909089168299460e-01 1.316169731440540447e-01
4.660000000000000142e+00 3.387348414940817287e-01 -2.127409390737460826e-01 1.467718241182038863e-01 1.381866887356762441e-01
4.669999999999999929e+00 3.367228993162429962e-01 -2.159112990930843190e-01 1.626939952659036681e-01 1.442469169107128413e-01
4.679999999999999716e+00 3.350029630754789434e-01 -2.185703885036793526e-01 1.791263528100728308e-01 1.498077899653590672e-01
4.690000000000000391e+00 3.335856005539573621e-01 -2.207275404272326103e-01 1.960423401570677016e-01 1.548811010060994475e-01
4.700000000000000178e+00 3.324787108548995507e-01 -2.223913371250420823e-01 2.134190435402756325e-01 1.594787921321847157e-01
4.709999999999999964e+00 3.316873683805626749e-01 -2.235698764520321624e-01 2.312363057995757698e-01 1.636117140534445735e-01
4.719999999999999751e+00 3.312137143347645973e-01 -2.242709866134471319e-01 2.494758743485696040e-01 1.672886199784371364e-01
4.730000000000000426e+00 3.310569025607047466e-01 -2.245023992453356321e-01 2.681206142974654760e-01 1.705153517730793322e-01
4.740000000000000213e+00 3.312131016394890271e-01 -2.242718914673649810e-01 2.871538025897132362e-01 1.732941762084899140e-01
4.750000000000000000e+00 3.316755511713823101e-01 -2.235874074163385627e-01 3.065585077558642402e-01 1.756232313823574975e-01
4.759999999999999787e+00 3.324346670650913382e-01 -2.224571692108885113e-01 3.263170518010757859e-01 1.774960465325050307e-01
4.770000000000000462e+00 3.334781884616946912e-01 -2.208897865912012870e-01 3.464105450414594056e-01 1.789011014406469702e-01
4.780000000000000249e+00 3.347913575769113637e-01 -2.188943738240174408e-01 3.668184806447484236e-01 1.798213938451300731e-01
4.790000000000000036e+00 3.363571231813593521e-01 -2.164806820137997190e-01 3.875183725549823932e-01 1.802339844185493201e-01
4.799999999999999822e+00 3.381563585447944220e-01 -2.136592548328399843e-01 4.084854178154180837e-01 1.801094887491120899e-01
4.810000000000000497e+00 3.401680853149311456e-01 -2.104416159726344437e-01 4.296921615250425264e-01 1.794114842827388978e-01
4.820000000000000284e+00 3.423696958403709134e-01 -2.068404974132772023e-01 4.511081392447973681e-01 1.780957972199807560e-01
4.830000000000000071e+00 3.447371677376236954e-01 -2.028701189930186277e-01 4.726994670099963214e-01 1.761096297600351079e-01
4.839999999999999858e+00 3.472452659146849641e-01 -1.985465318252619960e-01 4.944283424428603801e-01 1.733904816376377611e-01
4.850000000000000533e+00 3.498677286913933204e-01 -1.938880409419973250e-01 5.162524107468935419e-01 1.698648113867371745e-01
4.860000000000000320e+00 3.525774360231021531e-01 -1.889157262045045305e-01 5.381239350986875003e-01 1.654463720520581993e-01
4.870000000000000107e+00 3.553465590990230183e-01 -1.836540849980870527e-01 5.599886899152138886e-01 1.600341433353970055e-01
4.879999999999999893e+00 3.581466917582536991e-01 -1.781318252941299085e-01 5.817844643559970663e-01 1.535097683993030260e-01
4.889999999999999680e+00 3.609489653294220557e-01 -1.723828426138160619e-01 6.034390172672576824e-01 1.457343916115333704e-01
4.900000000000000355e+00 3.637241498832343711e-01 -1.664474174978947951e-01 6.248672562444664846e-01 1.365447903227127446e-01
4.910000000000000142e+00 3.664427470290593236e-01 -1.603736672580534650e-01 6.459673119862177071e-01 1.257487149239620017e-01
4.919999999999999929e+00 3.690750835155989229e-01 -1.542192683420384736e-01 6.666150303334072991e-01 1.131194307788627174e-01
4.929999999999999716e+00 3.715914238010273873e-01 -1.480534152173643703e-01 6.866561920666260921e-01 9.838966502175416906e-02
4.940000000000000391e+00 3.739621397296929994e-01 -1.419588604095904649e-01 7.058954859049000330e-01 8.124565051465179599e-02
4.950000000000000178e+00 3.761580204457179999e-01 -1.360336122227107924e-01 7.240809347594330259e-01 6.132303371415989690e-02
4.959999999999999964e+00 3.781509055682588105e-01 -1.303913057604142167e-01 7.408822783537268863e-01 3.820866813391890493e-02
4.969999999999999751e+00 3.799150386865018381e-01 -1.251581534692559339e-01 7.558623126282486560e-01 1.145680623783182361e-02
4.980000000000000426e+00 3.814299639467531589e-01 -1.204623700728928715e-01 7.684429374285662862e-01 -1.936361460693565573e-02
4.990000000000000213e+00 3.826865052205574713e-01 -1.164089288760801200e-01 7.778762252331291593e-01 -5.456165572369931632e-02
