**********-462.08000   0.00000   0.00000   0.00000   0.00000   0.00000   0.00000   0.00000   0.00000
-462.08000**********-462.08000   0.00000   0.00000   0.00000   0.00000   0.00000   0.00000   0.00000
   0.00000-462.08000**********-462.08000   0.00000   0.00000   0.00000   0.00000   0.00000   0.00000
   0.00000   0.00000-462.08000**********-462.08000   0.00000   0.00000   0.00000   0.00000   0.00000
   0.00000   0.00000   0.00000-462.08000**********-462.08000   0.00000   0.00000   0.00000   0.00000
   0.00000   0.00000   0.00000   0.00000-462.08000**********-462.08000   0.00000   0.00000   0.00000
   0.00000   0.00000   0.00000   0.00000   0.00000-462.08000**********-462.08000   0.00000   0.00000
   0.00000   0.00000   0.00000   0.00000   0.00000   0.00000-462.08000**********-462.08000   0.00000
   0.00000   0.00000   0.00000   0.00000   0.00000   0.00000   0.00000-462.08000**********-462.08000
   0.00000   0.00000   0.00000   0.00000   0.00000   0.00000   0.00000   0.00000-462.08000**********
