   12.500000000000000     
   12.250006312971895     
   12.002537814701649     
   11.757594505189262     
   11.515176384434737     
   11.275283452438069     
   11.037915709199263     
   10.803073154718316     
   10.570755788995228     
   10.340963612029999     
   10.113696623822632     
   9.8889548243731227     
   9.6667382136814730     
   9.4470467917476828     
   9.2298805585717538     
   9.0152395141536825     
   8.8031236584934724     
   8.5935329915911218     
   8.3864675134466307     
   8.1819272240599989     
   7.9799121234312267     
   7.7804222115603148     
   7.5834574884472614     
   7.3890179540920684     
   7.1971036084947357     
   7.0077144516552616     
   6.8208504835736479     
   6.6365117042498936     
   6.4546981136839987     
   6.2754097118759633     
   6.0986464988257874     
   5.9244084745334717     
   5.7526956389990156     
   5.5835079922224189     
   5.4168455342036825     
   5.2527082649428047     
   5.0910961844397873     
   4.9320092926946293     
   4.7754475897073307     
   4.6214110754778925     
   4.4698997500063120     
   4.3209136132925927     
   4.1744526653367329     
   4.0305169061387334     
   3.8891063356985929     
   3.7502209540163118     
   3.6138607610918911     
   3.4800257569253294     
   3.3487159415166277     
   3.2199313148657858     
   3.0936718769728033     
   2.9699376278376803     
   2.8487285674604172     
   2.7300446958410136     
   2.6138860129794699     
   2.5002525188757856     
   2.3891442135299608     
   2.2805610969419958     
   2.1745031691118908     
   2.0709704300396452     
   1.9699628797252591     
   1.8714805181687328     
   1.7755233453700661     
   1.6820913613292590     
   1.5911845660463118     
   1.5028029595212240     
   1.4169465417539959     
   1.3336153127446275     
   1.2528092724931186     
   1.1745284209994695     
   1.0987727582636799     
   1.0255422842857502     
  0.95483699906567998     
  0.88665690260346941     
  0.82100199489911851     
  0.75787227595262729     
  0.69726774576399575     
  0.63918840433322377     
  0.58363425166031146     
  0.53060528774525884     
  0.48010151258806544     
  0.43212292618873210     
  0.38666952854725845     
  0.34374131966364441     
  0.30333829953789004     
  0.26546046816999536     
  0.23010782555996026     
  0.19728037170778484     
  0.16697810661346907     
  0.13920103027701294     
  0.11394914269841648     
   9.1222443877679651E-002
   7.1020933814802470E-002
   5.3344612509784950E-002
   3.8193479962627078E-002
   2.5567536173328853E-002
   1.5466781141890276E-002
   7.8912148683113487E-003
   2.8408373525920724E-003
   3.1564859473244501E-004
   3.1564859473246735E-004
   2.8408373525921392E-003
   7.8912148683114615E-003
   1.5466781141890432E-002
   2.5567536173329051E-002
   3.8193479962627321E-002
   5.3344612509785241E-002
   7.1020933814802817E-002
   9.1222443877680026E-002
  0.11394914269841690     
  0.13920103027701342     
  0.16697810661346960     
  0.19728037170778540     
  0.23010782555996087     
  0.26546046816999597     
  0.30333829953789077     
  0.34374131966364518     
  0.38666952854725922     
  0.43212292618873294     
  0.48010151258806633     
  0.53060528774525928     
  0.58363425166031202     
  0.63918840433322432     
  0.69726774576399631     
  0.75787227595262785     
  0.82100199489911918     
  0.88665690260347008     
  0.95483699906568065     
   1.0255422842857509     
   1.0987727582636806     
   1.1745284209994702     
   1.2528092724931192     
   1.3336153127446282     
   1.4169465417539966     
   1.5028029595212247     
   1.5911845660463124     
   1.6820913613292598     
   1.7755233453700670     
   1.8714805181687337     
   1.9699628797252600     
   2.0709704300396461     
   2.1745031691118917     
   2.2805610969419972     
   2.3891442135299621     
   2.5002525188757865     
   2.6138860129794708     
   2.7300446958410145     
   2.8487285674604181     
   2.9699376278376812     
   3.0936718769728042     
   3.2199313148657867     
   3.3487159415166290     
   3.4800257569253308     
   3.6138607610918920     
   3.7502209540163132     
   3.8891063356985942     
   4.0305169061387343     
   4.1744526653367346     
   4.3209136132925945     
   4.4698997500063138     
   4.6214110754778952     
   4.7754475897073307     
   4.9320092926946320     
   5.0910961844397873     
   5.2527082649428083     
   5.4168455342036825     
   5.5835079922224224     
   5.7526956389990156     
   5.9244084745334753     
   6.0986464988257874     
   6.2754097118759660     
   6.4546981136839987     
   6.6365117042498962     
   6.8208504835736479     
   7.0077144516552652     
   7.1971036084947357     
   7.3890179540920720     
   7.5834574884472614     
   7.7804222115603183     
   7.9799121234312267     
   8.1819272240600025     
   8.3864675134466307     
   8.5935329915911254     
   8.8031236584934724     
   9.0152395141536878     
   9.2298805585717538     
   9.4470467917476881     
   9.6667382136814730     
   9.8889548243731262     
   10.113696623822632     
   10.340963612030004     
   10.570755788995228     
   10.803073154718319     
   11.037915709199263     
   11.275283452438075     
   11.515176384434737     
   11.757594505189267     
   12.002537814701649     
   12.250006312971900     
   12.500000000000000     
