  -10.000000000000000     
  -9.9342105263157894     
  -9.8684210526315788     
  -9.8026315789473681     
  -9.7368421052631575     
  -9.6710526315789469     
  -9.6052631578947363     
  -9.5394736842105257     
  -9.4736842105263150     
  -9.4078947368421062     
  -9.3421052631578956     
  -9.2763157894736850     
  -9.2105263157894743     
  -9.1447368421052637     
  -9.0789473684210531     
  -9.0131578947368425     
  -8.9473684210526319     
  -8.8815789473684212     
  -8.8157894736842106     
  -8.7500000000000000     
  -8.6842105263157894     
  -8.6184210526315788     
  -8.5526315789473681     
  -8.4868421052631575     
  -8.4210526315789469     
  -8.3552631578947363     
  -8.2894736842105257     
  -8.2236842105263150     
  -8.1578947368421062     
  -8.0921052631578956     
  -8.0263157894736850     
  -7.9605263157894743     
  -7.8947368421052637     
  -7.8289473684210531     
  -7.7631578947368425     
  -7.6973684210526319     
  -7.6315789473684212     
  -7.5657894736842106     
  -7.5000000000000000     
  -7.4342105263157894     
  -7.3684210526315788     
  -7.3026315789473681     
  -7.2368421052631575     
  -7.1710526315789469     
  -7.1052631578947372     
  -7.0394736842105265     
  -6.9736842105263159     
  -6.9078947368421053     
  -6.8421052631578947     
  -6.7763157894736850     
  -6.7105263157894743     
  -6.6447368421052637     
  -6.5789473684210531     
  -6.5131578947368425     
  -6.4473684210526319     
  -6.3815789473684212     
  -6.3157894736842106     
  -6.2500000000000000     
  -6.1842105263157894     
  -6.1184210526315788     
  -6.0526315789473681     
  -5.9868421052631584     
  -5.9210526315789478     
  -5.8552631578947372     
  -5.7894736842105265     
  -5.7236842105263159     
  -5.6578947368421053     
  -5.5921052631578947     
  -5.5263157894736841     
  -5.4605263157894743     
  -5.3947368421052637     
  -5.3289473684210531     
  -5.2631578947368425     
  -5.1973684210526319     
  -5.1315789473684212     
  -5.0657894736842106     
  -5.0000000000000000     
  -4.9342105263157894     
  -4.8684210526315796     
  -4.8026315789473690     
  -4.7368421052631584     
  -4.6710526315789478     
  -4.6052631578947372     
  -4.5394736842105265     
  -4.4736842105263159     
  -4.4078947368421053     
  -4.3421052631578947     
  -4.2763157894736850     
  -4.2105263157894743     
  -4.1447368421052637     
  -4.0789473684210531     
  -4.0131578947368425     
  -3.9473684210526319     
  -3.8815789473684212     
  -3.8157894736842106     
  -3.7500000000000000     
  -3.6842105263157894     
  -3.6184210526315796     
  -3.5526315789473690     
  -3.4868421052631584     
  -3.4210526315789478     
  -3.3552631578947372     
  -3.2894736842105265     
  -3.2236842105263159     
  -3.1578947368421053     
  -3.0921052631578947     
  -3.0263157894736850     
  -2.9605263157894743     
  -2.8947368421052637     
  -2.8289473684210531     
  -2.7631578947368425     
  -2.6973684210526319     
  -2.6315789473684212     
  -2.5657894736842106     
  -2.5000000000000000     
  -2.4342105263157903     
  -2.3684210526315796     
  -2.3026315789473690     
  -2.2368421052631584     
  -2.1710526315789478     
  -2.1052631578947372     
  -2.0394736842105265     
  -1.9736842105263168     
  -1.9078947368421062     
  -1.8421052631578956     
  -1.7763157894736850     
  -1.7105263157894743     
  -1.6447368421052637     
  -1.5789473684210531     
  -1.5131578947368425     
  -1.4473684210526319     
  -1.3815789473684212     
  -1.3157894736842106     
  -1.2500000000000000     
  -1.1842105263157894     
  -1.1184210526315788     
  -1.0526315789473681     
 -0.98684210526315752     
 -0.92105263157894868     
 -0.85526315789473806     
 -0.78947368421052744     
 -0.72368421052631682     
 -0.65789473684210620     
 -0.59210526315789558     
 -0.52631578947368496     
 -0.46052631578947434     
 -0.39473684210526372     
 -0.32894736842105310     
 -0.26315789473684248     
 -0.19736842105263186     
 -0.13157894736842124     
  -6.5789473684210620E-002
   0.0000000000000000     
   6.5789473684210620E-002
  0.13157894736842124     
  0.19736842105263186     
  0.26315789473684070     
  0.32894736842105132     
  0.39473684210526194     
  0.46052631578947256     
  0.52631578947368318     
  0.59210526315789380     
  0.65789473684210442     
  0.72368421052631504     
  0.78947368421052566     
  0.85526315789473628     
  0.92105263157894690     
  0.98684210526315752     
   1.0526315789473681     
   1.1184210526315788     
   1.1842105263157894     
   1.2500000000000000     
   1.3157894736842106     
   1.3815789473684212     
   1.4473684210526301     
   1.5131578947368407     
   1.5789473684210513     
   1.6447368421052619     
   1.7105263157894726     
   1.7763157894736832     
   1.8421052631578938     
   1.9078947368421044     
   1.9736842105263150     
   2.0394736842105257     
   2.1052631578947363     
   2.1710526315789469     
   2.2368421052631575     
   2.3026315789473681     
   2.3684210526315788     
   2.4342105263157894     
   2.5000000000000000     
   2.5657894736842106     
   2.6315789473684212     
   2.6973684210526301     
   2.7631578947368407     
   2.8289473684210513     
   2.8947368421052619     
   2.9605263157894726     
   3.0263157894736832     
   3.0921052631578938     
   3.1578947368421044     
   3.2236842105263150     
   3.2894736842105257     
   3.3552631578947363     
   3.4210526315789469     
   3.4868421052631575     
   3.5526315789473681     
   3.6184210526315788     
   3.6842105263157894     
   3.7500000000000000     
   3.8157894736842106     
   3.8815789473684195     
   3.9473684210526301     
   4.0131578947368407     
   4.0789473684210513     
   4.1447368421052619     
   4.2105263157894726     
   4.2763157894736832     
   4.3421052631578938     
   4.4078947368421044     
   4.4736842105263150     
   4.5394736842105257     
   4.6052631578947363     
   4.6710526315789469     
   4.7368421052631575     
   4.8026315789473681     
   4.8684210526315788     
   4.9342105263157894     
   5.0000000000000000     
   5.0657894736842088     
   5.1315789473684195     
   5.1973684210526301     
   5.2631578947368407     
   5.3289473684210513     
   5.3947368421052619     
   5.4605263157894726     
   5.5263157894736832     
   5.5921052631578938     
   5.6578947368421044     
   5.7236842105263150     
   5.7894736842105257     
   5.8552631578947363     
   5.9210526315789469     
   5.9868421052631575     
   6.0526315789473664     
   6.1184210526315788     
   6.1842105263157876     
   6.2500000000000000     
   6.3157894736842088     
   6.3815789473684212     
   6.4473684210526301     
   6.5131578947368425     
   6.5789473684210513     
   6.6447368421052637     
   6.7105263157894726     
   6.7763157894736850     
   6.8421052631578938     
   6.9078947368421026     
   6.9736842105263150     
   7.0394736842105239     
   7.1052631578947363     
   7.1710526315789451     
   7.2368421052631575     
   7.3026315789473664     
   7.3684210526315788     
   7.4342105263157876     
   7.5000000000000000     
   7.5657894736842088     
   7.6315789473684212     
   7.6973684210526301     
   7.7631578947368425     
   7.8289473684210513     
   7.8947368421052637     
   7.9605263157894726     
   8.0263157894736850     
   8.0921052631578938     
   8.1578947368421026     
   8.2236842105263150     
   8.2894736842105239     
   8.3552631578947363     
   8.4210526315789451     
   8.4868421052631575     
   8.5526315789473664     
   8.6184210526315788     
   8.6842105263157876     
   8.7500000000000000     
   8.8157894736842088     
   8.8815789473684212     
   8.9473684210526301     
   9.0131578947368425     
   9.0789473684210513     
   9.1447368421052637     
   9.2105263157894726     
   9.2763157894736814     
   9.3421052631578938     
   9.4078947368421026     
   9.4736842105263150     
   9.5394736842105239     
   9.6052631578947363     
   9.6710526315789451     
   9.7368421052631575     
   9.8026315789473664     
   9.8684210526315788     
   9.9342105263157876     
   10.000000000000000     
